AHR	AR	ARNT	ARNTL	ATF1	ATF2	ATF3	ATF4	BACH1	BATF	CDC5L	CDX2	CEBPA	CEBPB	CLOCK	CREB1	CTCF	E2F1	E2F4	E2F6	E2F7	EBF1	EGR1	ELF1	ELF5	ELK1	ELK4	ERG	ESR1	ESR2	ETS1	EWSR1.FLI1	EZH2	FLI1	FOS	FOSL2	FOXA1	FOXA2	FOXD1	FOXF2	FOXI1	FOXM1	FOXO3	FOXP3	GABPA	GATA1	GATA2	GATA3	GATA4	GATA6	GLI2	HIF1A	HLF	HNF1A	HNF4A	HSF1	IKZF1	IRF1	IRF2	IRF7	JUN	JUND	KLF5	LEF1	MAX	MAZ	MEF2A	MITF	MYB	MYC	MYCN	NANOG	NFE2	NFE2L2	NFKB1	NFYA	NHLH1	NR1I2	NR3C1	NRF1	PAX5	PAX6	PBX1	POU2F1	POU3F2	POU5F1	PPARA	PPARD	PPARG	PRDM14	RARA	REL	RELA	REST	RREB1	RUNX1	RUNX2	RXRA	SMAD3	SMAD4	SOX2	SP1	SP3	SPI1	SREBF1	SREBF2	SRF	STAT1	STAT2	STAT3	STAT6	TBP	TCF12	TCF3	TCF4	TEAD1	TFAP2A	TFAP2C	TP53	TP63	USF1	USF2	VDR	WT1	YBX1	YY1	ZEB1	ZNF263	ZNF423
0	0	0	0	0	0	0	0	1	0	0	0	0	0	0	0	0	0	1	0	0	1	1	0	0	0	-1	0	0	1	1	0	0	0	1	-1	1	0	1	0	0	0	0	1	-1	1	1	0	0	0	0	1	1	0	1	0	0	1	0	0	0	0	0	0	0	0	0	0	-1	0	1	0	0	0	0	0	0	-1	0	0	0	-1	-1	0	0	0	0	0	0	1	0	0	0	0	0	0	0	0	1	0	0	0	0	0	0	1	0	0	0	0	0	0	0	0	0	0	0	0	0	0	1	0	0	0	0	0	0	1	1
0	-1	0	1	0	-1	0	0	0	0	0	0	0	0	0	-1	0	0	1	0	0	0	0	0	0	0	0	0	0	1	0	0	1	0	0	-1	-1	0	0	0	0	0	0	0	0	1	1	-1	0	0	0	0	0	0	1	0	0	-1	0	0	0	0	0	0	0	0	0	-1	-1	0	1	0	0	0	0	0	0	0	0	0	0	-1	0	0	-1	0	-1	-1	0	0	0	0	-1	0	0	0	0	0	0	0	0	0	0	0	0	0	0	-1	0	0	0	0	0	-1	-1	0	0	1	-1	0	0	0	0	0	-1	0	0	0	0
0	0	0	0	0	0	0	0	0	0	-1	0	0	0	0	0	0	1	1	1	1	-1	-1	0	1	0	-1	0	-1	0	1	0	0	0	0	0	-1	-1	0	0	0	1	-1	0	1	-1	-1	-1	0	-1	0	1	0	0	-1	0	0	-1	0	0	-1	-1	-1	0	0	0	0	0	0	0	0	0	-1	0	-1	-1	0	0	-1	0	0	0	0	0	0	-1	0	0	0	0	0	0	-1	0	0	0	0	-1	-1	-1	-1	-1	0	-1	0	0	-1	-1	0	-1	0	-1	0	0	0	0	-1	-1	-1	-1	-1	0	-1	0	1	0	0	0	0
0	0	0	0	0	0	0	0	0	0	0	0	0	0	0	0	0	-1	-1	0	-1	-1	0	-1	0	0	0	0	-1	0	-1	0	0	0	0	0	0	-1	0	0	-1	-1	0	0	0	-1	-1	-1	0	0	0	0	0	0	0	0	0	1	1	1	1	0	0	0	-1	0	1	0	0	0	0	0	0	0	1	0	0	0	0	0	0	1	0	0	0	0	0	0	0	0	0	1	1	0	0	0	0	0	0	-1	-1	0	1	1	0	0	1	1	1	1	1	-1	0	0	0	0	0	-1	0	0	0	0	0	0	0	-1	0	0	0
0	-1	0	-1	0	0	-1	0	0	0	0	0	0	0	-1	-1	0	-1	-1	-1	-1	1	0	-1	0	-1	-1	0	-1	0	-1	0	0	0	0	0	0	0	0	0	1	-1	0	-1	-1	-1	-1	-1	0	0	0	-1	0	0	0	-1	0	0	0	0	0	-1	0	0	0	0	0	0	0	-1	-1	0	0	-1	0	0	0	0	0	0	0	0	0	1	0	0	0	0	0	0	0	0	0	1	0	0	0	0	0	0	0	0	0	-1	-1	-1	0	0	0	0	0	0	0	0	0	0	0	0	-1	0	0	0	0	1	-1	-1	0	0	0
0	1	0	0	0	0	1	0	1	0	0	0	1	0	0	1	0	0	0	0	-1	0	1	0	0	0	0	1	1	0	1	0	0	0	0	0	1	0	0	0	0	-1	0	1	0	1	1	1	0	0	0	1	0	0	1	0	0	1	0	0	0	1	0	0	1	0	0	1	0	1	0	0	0	1	0	0	0	0	0	0	0	0	0	0	0	1	0	0	0	0	0	0	0	0	0	0	0	0	0	0	0	0	0	0	1	1	0	0	0	0	0	1	0	0	1	0	0	1	1	1	1	0	0	0	0	1	0	0	0
0	1	0	0	0	0	0	0	1	0	1	0	0	0	0	0	0	-1	-1	1	0	-1	0	0	0	0	-1	0	-1	0	-1	0	0	0	0	0	1	0	0	0	0	-1	0	1	0	0	0	0	0	0	0	1	0	1	0	0	0	0	0	0	0	0	0	0	-1	0	0	1	0	-1	-1	0	0	0	1	0	0	0	0	0	0	0	0	0	1	1	0	0	0	0	0	0	0	0	0	0	0	0	0	0	1	0	0	-1	-1	0	0	0	0	0	0	0	0	0	1	-1	0	-1	0	0	0	0	0	1	0	-1	0	0	0
1	0	0	0	-1	0	0	0	1	0	0	0	0	0	0	0	1	-1	-1	0	-1	-1	0	0	0	-1	-1	0	0	1	-1	0	0	0	0	-1	0	0	0	0	1	-1	-1	-1	0	1	1	0	0	0	0	0	0	0	0	0	0	1	0	0	1	1	0	0	-1	0	0	-1	0	0	-1	0	0	0	1	0	0	-1	0	0	0	0	0	0	-1	0	0	0	0	0	0	0	1	1	0	0	0	0	0	0	0	0	0	0	1	1	0	0	0	0	0	0	0	0	0	0	-1	0	-1	0	-1	0	0	1	0	-1	0	0	1
0	-1	0	0	0	0	0	1	0	0	0	0	1	1	0	0	0	-1	-1	-1	-1	0	0	0	-1	-1	0	0	-1	-1	-1	0	-1	0	1	0	-1	0	0	1	0	-1	0	-1	0	-1	0	-1	-1	0	0	1	0	0	0	0	0	0	1	0	1	1	0	0	0	0	1	1	0	-1	-1	0	0	1	1	0	0	0	1	0	0	0	0	0	0	0	1	0	0	-1	0	1	1	1	0	0	0	0	-1	-1	0	1	0	1	0	0	1	0	0	1	0	1	0	0	0	0	0	-1	0	0	0	0	0	0	0	-1	0	0	0
-1	-1	-1	0	-1	0	0	0	0	0	0	0	0	0	0	-1	0	0	-1	0	1	0	-1	0	0	0	0	0	-1	0	1	0	0	0	1	0	-1	-1	0	0	0	0	0	-1	1	-1	0	-1	0	0	0	0	0	0	0	0	0	-1	1	0	-1	-1	0	0	0	0	0	-1	0	-1	0	0	0	0	0	-1	0	0	0	0	0	0	0	0	-1	-1	0	0	0	0	0	-1	0	0	-1	0	0	0	-1	-1	-1	-1	0	0	0	0	-1	-1	0	-1	0	-1	0	-1	-1	0	0	1	-1	0	0	0	-1	0	0	1	0	0	0
0	0	0	0	0	0	0	0	0	0	0	1	1	0	0	-1	0	-1	0	-1	0	0	0	0	0	0	0	0	0	-1	0	0	0	0	0	0	1	0	0	0	0	1	0	0	0	0	0	0	0	0	1	0	0	0	1	0	0	0	0	0	0	0	0	0	0	0	0	1	0	-1	-1	0	0	0	-1	0	0	-1	0	0	0	0	0	0	1	0	-1	-1	0	0	0	0	-1	0	0	0	0	0	0	0	0	0	0	0	-1	0	0	0	0	0	0	1	0	0	1	0	0	0	1	0	1	0	-1	-1	0	0	0	0	1
0	-1	0	0	0	0	0	1	0	0	0	0	1	1	0	0	1	-1	-1	0	-1	0	0	1	0	0	0	0	0	1	-1	0	0	0	1	0	1	1	-1	0	1	-1	0	-1	0	1	1	0	0	0	0	1	0	0	1	0	0	1	1	0	1	1	1	0	0	0	1	0	1	-1	0	1	0	0	1	0	0	0	1	0	0	0	0	0	0	1	0	0	0	0	0	1	1	1	0	0	0	0	1	0	0	1	1	1	0	0	1	1	1	1	1	1	0	0	0	0	0	1	0	0	0	1	1	0	0	-1	0	1	0
-1	-1	0	0	0	0	1	0	0	0	0	0	0	0	0	0	1	1	1	0	1	-1	0	1	1	1	0	0	0	0	1	0	0	0	1	0	-1	-1	0	0	0	0	0	1	1	0	0	-1	0	0	0	-1	0	0	0	0	0	0	0	0	0	0	0	0	0	0	0	-1	0	1	1	0	0	0	1	0	0	0	0	0	0	1	0	0	-1	-1	0	0	0	-1	0	0	1	0	0	0	0	0	0	0	-1	0	0	0	1	0	0	0	0	0	0	0	0	-1	0	0	0	1	-1	0	0	0	-1	-1	1	1	0	0	0
0	-1	0	0	0	0	1	0	0	0	0	0	1	1	0	0	0	-1	-1	-1	-1	0	0	0	0	0	0	0	0	0	-1	0	0	0	1	0	1	1	0	0	0	1	0	-1	0	0	1	-1	0	0	0	1	0	0	1	0	0	1	0	0	1	1	0	0	0	0	0	1	0	0	0	0	0	1	1	1	0	0	0	-1	0	0	0	0	0	0	0	0	1	0	1	0	1	1	0	0	0	1	0	0	1	1	0	1	1	1	1	1	1	0	0	1	0	0	0	0	0	-1	0	0	0	0	0	0	0	0	0	0	0
0	-1	0	0	0	0	0	1	0	0	0	0	0	0	0	0	0	-1	-1	0	0	0	-1	0	0	0	-1	0	-1	0	0	0	0	0	0	0	-1	0	0	0	0	0	-1	0	0	-1	-1	-1	0	0	0	0	0	0	-1	0	0	0	1	0	0	-1	0	0	-1	0	1	-1	0	-1	-1	0	0	0	1	-1	0	0	0	0	0	0	0	0	0	-1	0	-1	0	0	0	1	1	0	0	0	0	0	0	-1	-1	-1	0	0	0	0	-1	0	1	0	0	-1	0	0	-1	0	-1	-1	-1	0	-1	0	0	0	0	0	0	0	0
0	-1	0	0	0	0	0	0	0	0	-1	1	0	0	0	-1	0	0	-1	0	0	0	0	0	-1	0	0	0	0	0	1	0	0	0	0	0	-1	0	0	0	-1	1	0	-1	0	1	1	-1	-1	0	1	0	-1	0	0	0	0	0	0	0	-1	0	0	0	0	0	0	0	-1	1	1	0	0	0	0	1	0	0	0	0	0	-1	0	0	-1	1	0	0	0	0	0	0	0	1	-1	0	0	0	1	0	0	0	0	1	0	1	0	0	0	0	0	0	0	-1	-1	0	0	1	-1	0	0	0	0	0	1	1	1	0	0
-1	-1	0	1	0	0	1	0	0	0	-1	0	0	0	1	-1	0	-1	-1	-1	-1	1	0	1	0	1	0	0	-1	0	1	-1	0	0	0	0	-1	0	0	-1	0	-1	0	-1	1	0	1	-1	-1	-1	0	0	0	0	0	1	0	0	0	0	0	0	-1	-1	0	0	0	0	-1	0	0	0	0	0	0	1	0	0	0	1	0	-1	0	0	-1	0	0	0	0	0	0	0	0	1	-1	0	0	0	0	-1	0	0	0	1	0	0	-1	0	1	-1	0	0	0	-1	-1	0	0	1	-1	0	1	0	-1	0	1	1	1	0	0
0	0	1	-1	0	0	0	0	0	0	0	0	0	-1	-1	0	-1	-1	-1	0	-1	-1	0	0	0	0	-1	0	-1	-1	-1	0	0	0	0	0	1	0	0	0	1	-1	0	1	-1	0	-1	0	1	0	0	1	1	1	-1	0	0	-1	0	1	0	0	0	1	-1	-1	0	0	0	0	0	0	0	-1	0	0	0	0	0	0	0	0	0	0	0	0	0	0	0	0	0	0	-1	0	0	0	0	0	0	0	0	0	0	-1	0	1	0	0	0	-1	0	0	0	0	1	0	0	-1	0	0	0	0	0	0	0	-1	1	0	0
0	-1	-1	0	0	0	0	1	0	0	-1	0	0	0	0	0	0	1	1	0	1	0	-1	0	0	0	0	0	-1	0	1	0	0	0	1	0	-1	-1	0	0	0	1	0	0	1	-1	-1	-1	0	0	0	0	0	0	0	0	0	-1	0	0	0	-1	0	0	0	0	0	-1	0	0	0	0	0	0	0	-1	0	0	-1	0	0	0	0	0	-1	-1	0	0	0	0	0	-1	0	0	0	0	0	0	-1	-1	-1	-1	0	0	0	0	-1	0	0	-1	0	-1	0	-1	0	0	-1	0	-1	0	0	0	-1	0	0	1	0	0	0
0	-1	0	0	0	0	1	0	0	0	0	0	0	0	0	0	1	0	1	0	0	0	1	1	0	1	0	0	0	0	1	-1	0	0	0	-1	0	0	0	-1	0	-1	0	1	1	1	1	-1	-1	0	0	0	0	0	1	1	0	0	0	0	0	0	0	0	1	0	0	0	0	1	1	0	0	0	0	1	0	0	0	1	0	-1	0	0	-1	0	-1	-1	0	0	0	0	0	0	-1	0	0	0	0	0	0	0	0	1	0	0	0	0	0	0	0	1	0	0	-1	0	0	1	-1	0	1	0	0	0	1	1	1	0	0
0	1	0	1	0	0	1	1	0	0	0	0	0	1	1	1	0	0	0	-1	0	0	1	0	0	0	0	0	0	0	-1	0	0	0	1	0	1	1	0	0	0	1	0	1	0	0	0	0	0	0	0	0	1	0	1	0	0	0	0	0	1	1	0	1	1	0	0	1	-1	0	0	0	0	0	1	1	0	0	1	0	0	0	0	0	1	1	0	0	0	0	0	1	1	0	1	-1	0	0	1	0	1	1	1	0	1	1	1	1	0	0	0	1	0	1	1	0	1	-1	1	1	1	0	1	0	0	1	-1	0	0
0	1	0	0	0	0	-1	0	1	0	0	1	0	0	-1	0	1	-1	-1	0	-1	0	0	0	0	0	-1	0	0	1	-1	0	0	0	0	0	0	0	0	0	1	-1	0	-1	0	1	0	-1	0	0	0	1	0	0	-1	0	0	0	0	0	1	0	0	0	-1	0	1	0	0	1	0	0	-1	0	0	-1	0	0	0	0	0	0	0	0	0	0	0	0	1	0	0	0	1	1	0	0	0	0	1	-1	0	0	1	0	0	1	0	-1	-1	0	0	0	0	0	0	0	0	0	0	-1	0	1	0	1	0	-1	0	0	1
0	-1	0	0	-1	0	0	0	0	0	-1	0	0	0	-1	0	1	-1	-1	0	-1	1	0	0	1	0	-1	0	-1	0	1	0	0	0	0	0	-1	-1	0	0	1	-1	0	-1	1	0	1	-1	0	0	0	1	0	0	-1	0	0	0	0	0	1	0	0	0	0	0	1	-1	0	-1	0	0	0	0	0	0	-1	0	0	0	0	0	0	0	-1	0	0	0	1	0	0	0	1	0	0	0	0	0	0	-1	-1	-1	0	1	0	0	0	0	0	0	0	0	0	-1	-1	0	0	0	-1	0	0	1	0	1	0	1	0	0	0
0	0	0	0	0	0	0	0	0	0	0	0	0	-1	0	0	0	0	1	0	0	0	0	0	0	0	-1	0	0	0	0	0	0	0	0	-1	0	0	0	0	0	0	0	1	-1	1	0	0	0	0	0	1	0	0	0	0	0	-1	-1	0	0	0	0	0	0	0	0	-1	-1	1	0	0	0	-1	0	1	0	0	0	0	0	0	0	0	0	0	0	0	0	0	0	0	0	1	0	0	0	1	1	0	0	0	0	0	0	0	0	0	0	0	0	0	0	0	0	0	0	0	-1	0	0	0	1	0	0	0	1	0	0
-1	0	0	1	0	0	1	0	0	-1	0	0	0	-1	1	1	0	1	1	0	1	0	0	1	0	1	0	0	0	0	1	0	0	0	1	0	0	0	0	0	0	1	0	1	1	1	1	0	0	0	0	0	0	0	0	1	0	0	0	0	1	1	0	-1	1	0	0	-1	-1	1	1	0	1	0	0	1	0	0	0	1	0	0	0	0	-1	0	-1	0	0	0	0	0	0	-1	-1	0	0	0	0	0	0	0	0	1	0	0	0	0	0	0	0	0	0	0	-1	0	0	1	0	0	0	0	0	0	1	1	1	0	0
0	-1	0	0	0	0	1	1	0	0	-1	0	0	0	0	0	0	-1	-1	0	0	0	0	0	0	0	0	0	-1	1	-1	-1	0	0	0	0	-1	0	-1	0	0	-1	-1	-1	1	0	1	-1	0	-1	0	1	0	0	0	0	0	0	0	0	0	0	0	0	0	0	0	0	0	-1	-1	0	0	0	1	0	0	0	0	0	0	0	0	0	-1	0	1	0	0	0	0	0	1	0	0	0	0	0	0	-1	0	0	0	1	1	1	0	0	0	0	0	-1	0	0	-1	0	0	1	-1	0	1	0	-1	0	0	0	0	0	0
0	-1	-1	0	0	0	1	0	0	-1	-1	0	0	0	0	0	0	0	1	0	1	1	0	1	0	1	0	0	0	0	1	0	0	0	1	0	-1	0	0	-1	0	1	0	0	1	0	1	-1	-1	0	0	0	0	0	0	1	0	0	0	0	0	0	0	-1	1	0	0	0	0	1	1	0	0	0	0	1	0	0	0	0	0	-1	0	0	-1	0	-1	0	0	0	0	0	0	0	-1	0	0	0	0	-1	0	0	0	1	0	0	0	0	0	0	0	0	0	-1	-1	0	0	1	-1	0	0	0	0	0	1	1	1	0	0
-1	0	-1	0	0	0	0	0	-1	0	0	0	0	0	0	0	0	-1	-1	0	0	0	0	0	0	-1	0	0	-1	0	1	-1	0	0	0	0	-1	0	-1	0	1	-1	0	-1	0	0	-1	0	-1	0	0	1	0	0	-1	0	0	0	0	-1	-1	-1	-1	0	0	0	0	0	0	0	-1	0	0	0	-1	0	-1	0	1	0	0	-1	0	0	-1	0	0	0	0	0	0	0	-1	1	0	0	0	0	-1	0	0	0	0	-1	0	0	-1	0	-1	-1	0	-1	0	0	-1	0	0	0	-1	0	1	0	-1	-1	1	1	0	0	0
0	-1	-1	0	1	0	1	0	0	0	0	0	1	0	0	1	0	1	1	0	1	0	0	1	0	1	0	0	-1	-1	1	-1	0	0	1	0	-1	-1	0	0	0	1	0	1	1	0	0	-1	-1	0	0	0	0	0	0	1	0	-1	0	0	1	0	-1	0	1	0	0	-1	-1	1	1	0	0	0	1	0	0	0	0	0	0	-1	0	0	-1	0	-1	0	0	0	0	0	0	0	-1	0	0	0	0	-1	-1	0	0	0	0	0	0	-1	0	0	0	0	0	-1	-1	0	0	0	-1	0	0	0	0	0	1	1	1	0	0
0	-1	0	0	0	0	0	0	0	0	0	0	0	0	0	-1	0	1	0	0	0	0	0	0	0	0	0	0	0	0	0	0	0	0	0	0	0	0	0	0	-1	0	0	0	0	0	0	-1	0	0	1	0	0	0	1	0	0	0	0	0	-1	0	0	0	0	0	0	0	-1	0	0	0	0	0	0	1	0	0	0	0	0	0	0	0	-1	0	0	-1	0	0	0	0	-1	0	0	0	0	0	0	0	0	0	0	0	1	0	0	-1	0	0	0	0	0	0	-1	-1	-1	0	-1	0	-1	-1	0	-1	0	0	0	0	0
0	1	0	0	0	0	0	0	0	0	0	0	0	0	0	1	1	1	0	0	0	0	0	0	1	0	-1	0	0	0	1	0	0	0	0	0	-1	0	1	0	1	0	0	0	1	0	0	0	0	0	0	0	0	0	0	0	0	-1	0	0	0	0	0	1	0	0	0	-1	0	0	0	0	0	0	0	-1	0	0	0	0	1	0	1	0	0	-1	0	-1	0	0	0	0	0	0	0	0	0	0	0	0	-1	-1	0	0	1	1	0	0	0	-1	0	-1	0	0	0	0	-1	0	-1	0	0	0	0	1	0	1	0	-1	0
0	0	1	0	1	0	0	0	0	0	0	-1	0	0	0	0	-1	-1	-1	0	-1	0	0	0	0	0	0	0	0	-1	1	0	0	0	0	1	1	1	0	0	0	-1	0	1	0	0	-1	1	0	0	0	-1	0	1	0	0	0	0	0	0	-1	0	0	0	0	0	0	0	0	0	0	0	0	0	0	1	0	0	0	0	-1	0	0	0	1	0	0	1	0	0	0	0	0	-1	1	0	-1	0	-1	0	1	0	-1	0	0	-1	-1	0	0	0	0	0	-1	0	0	-1	0	-1	0	1	-1	0	0	0	0	0	0	0	-1
0	0	0	0	0	0	-1	0	0	0	0	0	0	0	0	0	0	-1	-1	0	0	0	-1	-1	0	0	-1	0	-1	0	-1	0	0	0	0	0	-1	-1	0	0	1	-1	-1	0	0	-1	-1	-1	0	0	0	0	0	0	-1	-1	0	-1	0	0	0	-1	0	0	0	0	0	0	0	-1	-1	-1	0	0	0	-1	0	0	-1	0	-1	0	0	0	1	-1	0	0	0	0	0	0	0	0	0	0	0	-1	-1	0	0	-1	0	-1	0	0	-1	0	1	-1	0	-1	0	0	0	0	-1	-1	-1	0	-1	0	-1	0	0	-1	0	0	0
0	-1	-1	0	0	0	1	0	0	0	-1	0	0	0	0	-1	1	0	0	0	0	1	0	1	0	0	0	0	0	0	1	-1	0	-1	0	0	-1	0	0	-1	0	0	0	0	1	1	1	-1	-1	0	0	0	0	0	1	1	0	0	0	0	-1	0	-1	0	1	0	0	0	-1	0	0	0	0	0	0	1	0	0	0	0	0	-1	0	0	-1	0	-1	-1	-1	0	0	0	0	1	-1	0	0	1	0	-1	-1	0	0	1	1	1	-1	0	0	0	0	0	0	-1	-1	0	0	1	-1	0	1	0	-1	-1	1	1	1	1	0
1	1	1	0	0	0	0	0	0	0	1	1	1	0	0	1	0	0	0	-1	-1	0	1	0	0	0	0	1	1	1	-1	0	0	0	0	1	1	1	0	0	1	0	1	1	-1	1	1	1	1	1	0	0	0	0	1	0	0	1	0	0	1	1	1	1	0	0	0	1	0	-1	0	1	1	0	1	1	0	0	1	0	0	0	0	0	1	1	0	0	0	0	0	1	1	0	0	0	0	1	1	1	0	1	1	1	0	0	1	1	1	1	0	1	0	0	1	0	0	1	1	0	1	0	1	0	0	-1	0	1	0
0	-1	0	0	0	0	1	0	0	0	0	0	0	0	0	1	0	1	1	0	1	0	0	0	1	1	1	0	0	0	1	0	0	0	1	0	-1	0	0	0	0	1	0	0	1	0	0	-1	0	0	0	0	0	-1	0	0	0	-1	0	0	0	0	0	0	1	0	0	-1	0	1	0	0	0	0	0	0	0	0	0	0	0	-1	0	0	-1	-1	0	0	0	0	0	-1	0	-1	0	0	0	0	-1	-1	-1	-1	0	0	0	0	0	0	0	0	0	-1	0	0	-1	0	0	1	0	0	1	0	0	0	1	1	1	0	0
0	1	0	0	1	0	1	0	1	0	0	0	0	0	0	1	1	1	1	0	0	0	1	1	0	0	0	0	1	0	1	0	0	0	1	-1	1	0	0	0	0	0	0	1	0	1	1	1	1	0	0	1	1	0	1	0	0	0	0	0	1	1	0	0	0	0	0	0	-1	1	1	0	0	0	1	0	0	0	0	0	0	0	0	0	0	0	0	0	0	1	0	1	1	-1	0	-1	0	0	1	0	0	0	0	0	-1	0	0	1	0	1	0	0	0	0	1	1	0	1	1	0	0	0	1	0	1	1	1	0	0
0	-1	0	0	0	0	1	0	0	0	0	0	0	0	0	0	0	1	1	0	1	0	0	1	0	0	0	0	0	0	1	0	0	0	1	0	0	0	0	0	0	1	0	1	1	0	1	0	0	0	0	0	1	0	0	0	0	-1	0	0	-1	0	0	0	0	0	0	-1	-1	0	1	0	0	0	0	0	0	0	0	0	0	0	0	0	-1	-1	0	0	0	0	0	-1	0	0	0	0	0	0	0	0	0	-1	0	0	0	1	0	0	0	0	0	0	0	0	0	0	0	1	0	0	0	0	0	0	0	1	1	1	0
0	-1	-1	0	0	0	1	1	0	0	0	0	0	0	0	0	1	-1	-1	-1	-1	1	0	1	-1	1	0	0	0	0	1	-1	0	0	1	0	-1	0	0	0	0	-1	0	0	1	0	1	-1	0	0	0	1	0	0	0	1	0	1	1	0	1	1	-1	0	0	0	1	0	-1	0	0	0	0	1	1	0	0	0	0	0	0	-1	0	0	-1	0	0	0	0	0	0	1	1	1	-1	0	0	0	1	-1	-1	0	1	1	0	0	0	1	1	1	0	0	0	-1	-1	0	0	1	0	0	0	0	1	0	0	0	1	0	0
0	1	0	-1	1	1	1	0	0	0	0	0	1	1	0	0	0	-1	-1	0	-1	0	0	0	0	0	0	0	0	0	-1	0	0	1	0	0	1	1	-1	0	0	-1	0	0	0	0	0	-1	0	0	0	0	0	0	1	0	0	1	1	1	1	1	0	0	-1	0	1	0	1	-1	0	1	0	0	1	0	0	0	1	0	0	0	0	0	1	0	0	0	1	0	0	1	1	1	0	0	0	0	0	0	-1	0	0	1	0	0	1	1	1	1	0	1	0	0	0	1	1	-1	1	0	0	0	0	0	0	0	0	0	0
-1	0	0	0	0	0	0	0	0	0	0	0	0	0	0	0	0	-1	-1	0	-1	0	0	0	0	0	0	0	0	0	0	0	1	0	0	0	0	0	0	0	0	-1	0	-1	0	0	0	0	0	0	0	0	0	1	0	1	0	0	0	0	0	0	-1	0	0	0	0	0	-1	0	0	0	0	0	1	0	0	1	0	0	0	0	0	0	-1	0	0	0	0	0	0	0	0	1	0	0	0	0	0	0	0	0	0	0	0	0	0	0	-1	0	0	0	0	0	0	0	0	0	0	0	0	-1	0	0	0	0	1	0	0
0	-1	0	1	0	1	0	0	-1	0	0	-1	0	0	1	1	0	0	0	0	-1	-1	0	0	0	0	0	0	-1	-1	0	0	0	0	0	0	0	0	0	1	0	0	0	1	0	-1	-1	0	0	0	0	1	1	0	0	0	0	0	0	0	0	0	0	0	0	0	1	0	0	-1	0	1	0	-1	-1	1	0	0	0	0	0	-1	0	0	0	0	1	0	1	0	0	0	-1	1	0	0	-1	0	0	0	0	1	0	0	0	0	0	0	0	0	0	1	1	1	0	0	0	-1	0	0	0	0	-1	-1	-1	0	-1	0	0
0	1	0	0	1	0	0	-1	0	0	0	0	1	0	0	1	0	1	1	0	-1	0	0	1	0	0	0	0	0	0	1	0	0	0	0	0	1	1	0	0	0	1	1	1	0	0	0	1	0	1	1	0	0	0	1	0	0	0	0	-1	0	0	0	0	0	0	0	0	1	1	0	0	0	0	0	0	0	0	0	0	-1	0	0	-1	1	0	-1	0	1	0	0	-1	0	-1	0	0	0	-1	0	1	0	0	0	0	0	0	0	-1	0	0	0	0	0	0	1	1	0	0	1	1	1	0	0	0	0	1	-1	1	1
0	0	0	0	0	0	1	0	1	0	0	0	0	1	0	0	1	-1	-1	0	0	0	1	0	0	0	0	0	1	0	1	0	0	0	1	-1	1	1	0	0	0	-1	0	1	0	1	1	0	0	0	0	1	0	0	0	0	0	1	0	0	1	1	0	0	0	0	1	0	-1	0	0	0	0	1	1	1	0	0	1	0	0	0	0	0	0	0	0	0	0	0	0	1	1	0	0	0	0	1	1	0	0	0	0	1	0	0	0	1	1	1	0	0	0	0	0	0	0	1	0	0	0	0	1	0	0	0	1	0	0
0	-1	0	0	0	0	0	0	0	0	-1	0	0	0	0	0	0	0	0	-1	0	1	0	1	-1	1	1	0	0	0	1	0	0	0	0	0	-1	-1	0	-1	-1	1	-1	-1	1	0	0	-1	-1	0	0	0	-1	0	0	0	0	0	0	0	0	0	0	0	1	0	0	0	0	1	1	0	0	0	0	0	0	0	0	0	0	-1	0	0	-1	0	0	0	0	0	0	0	0	1	-1	0	0	0	0	-1	-1	0	0	1	0	0	0	0	0	-1	0	0	0	-1	-1	0	0	1	-1	0	0	0	-1	0	1	1	0	0	0
0	0	0	0	0	0	0	0	1	0	0	0	1	0	0	1	0	-1	-1	-1	-1	0	1	0	0	0	0	0	1	1	0	0	0	0	0	-1	1	1	0	1	0	-1	0	0	0	1	1	1	0	1	0	1	0	0	1	0	0	0	-1	1	1	1	0	1	0	0	0	1	-1	1	0	0	0	0	1	0	0	0	1	0	0	0	-1	0	-1	1	0	0	0	0	0	0	1	1	0	0	0	0	1	0	0	1	0	1	0	0	0	0	0	0	1	1	0	0	0	0	1	1	1	1	1	0	1	0	1	0	0	1	0
0	-1	0	0	0	0	1	0	0	0	0	0	0	0	0	1	1	0	0	-1	-1	0	0	1	0	1	0	0	0	0	1	-1	0	-1	1	0	-1	0	0	0	0	1	0	0	1	0	1	-1	0	0	0	1	0	0	1	1	0	0	0	0	0	1	-1	0	1	0	0	0	-1	1	0	0	0	0	0	0	0	0	0	1	0	-1	0	0	-1	0	-1	-1	0	0	0	0	0	0	-1	0	0	0	0	-1	0	0	0	1	1	1	0	0	0	0	0	0	0	-1	-1	0	0	0	-1	0	1	0	0	0	1	1	0	0	0
0	0	0	0	0	0	0	0	1	0	0	1	1	0	0	0	1	-1	-1	0	-1	0	0	0	0	0	0	0	1	0	0	-1	0	1	0	0	1	0	0	1	0	-1	0	0	0	1	1	0	0	1	0	0	0	0	1	0	0	0	0	-1	0	1	0	0	0	0	0	1	0	0	0	1	0	0	0	0	0	0	1	0	0	0	0	1	0	0	0	0	1	0	0	0	0	1	0	0	0	0	0	1	0	0	0	1	0	0	0	0	1	0	0	1	0	0	1	0	0	1	0	0	1	0	0	0	0	1	0	0	0
0	1	0	0	0	0	0	0	1	0	0	-1	0	0	0	1	1	1	1	1	0	0	1	0	0	0	-1	0	0	1	0	0	0	0	0	-1	1	0	0	0	0	0	0	1	-1	1	1	1	1	0	0	1	1	0	0	0	0	0	0	0	0	0	0	0	0	0	0	-1	-1	0	1	1	0	0	0	1	0	-1	0	0	0	0	0	0	0	0	0	0	0	1	0	0	0	0	0	0	0	0	1	0	0	0	0	0	0	0	0	0	0	0	0	0	0	0	1	0	0	1	0	0	-1	0	0	0	0	-1	0	0	0
0	-1	0	0	0	0	0	1	1	0	-1	0	0	0	0	-1	0	-1	-1	0	0	0	0	0	0	-1	-1	0	-1	0	0	0	0	0	0	-1	-1	0	0	0	0	0	0	0	0	1	1	-1	0	0	0	0	0	0	0	0	1	0	0	0	0	0	0	0	0	0	1	0	-1	0	0	0	0	0	0	0	0	0	0	0	0	-1	0	0	-1	0	0	0	0	0	0	0	0	1	0	0	0	0	0	-1	-1	0	0	0	-1	0	0	0	0	-1	0	0	0	0	-1	0	-1	0	-1	-1	0	0	0	0	0	-1	0	0	0
0	1	0	0	0	0	1	0	1	0	0	0	0	0	0	0	0	1	1	0	1	0	1	0	0	0	0	0	1	0	1	0	0	0	1	-1	1	0	1	0	0	1	0	1	0	0	0	1	1	0	0	1	0	0	0	0	0	0	0	0	1	1	0	0	1	0	0	-1	-1	1	1	0	0	0	1	1	0	-1	0	0	0	0	0	0	0	0	0	0	0	0	0	0	0	0	0	0	0	1	0	0	0	0	0	0	0	0	0	0	0	0	0	0	-1	0	0	0	0	1	0	0	0	0	0	0	0	1	1	0	0
1	1	1	0	1	0	0	0	0	0	0	0	1	0	0	0	0	-1	-1	0	-1	0	0	0	0	0	0	0	0	0	-1	0	0	0	0	0	1	0	0	1	0	-1	1	1	0	0	1	1	0	0	0	0	0	0	1	0	0	0	0	-1	0	1	0	0	0	0	0	0	0	0	0	0	0	0	0	0	0	0	1	0	0	0	0	0	1	0	0	0	0	0	0	0	0	1	0	0	0	0	1	0	0	1	0	0	0	0	0	0	0	0	0	1	0	0	1	0	0	1	0	0	1	0	0	0	0	0	0	0	0
